vesselCount = 0
UT = 5888.1271875131088
gameMode = CAREER
gameNull = False
gameCompatible = True
funds = 210969.13837063196
science = 9
reputationPercent = 12
ongoingContracts = 3
missionCurrentScore = 0
missionIsStarted = False
missionIsEnded = False
missionHistoryId = 00000000-0000-0000-0000-000000000000
missionExpansionVersion = 
saveMD5 = 9752dfc2bfa6cf956d8dd791129772a3
