vesselCount = 0
UT = 5866.6271875126395
gameMode = CAREER
gameNull = False
gameCompatible = True
funds = 210969.13837063196
science = 9
reputationPercent = 12
ongoingContracts = 3
missionCurrentScore = 0
missionIsStarted = False
missionIsEnded = False
missionHistoryId = 00000000-0000-0000-0000-000000000000
missionExpansionVersion = 
saveMD5 = 6d4caf497e19c0544afae54a9b09c9e2
